,hosp_ward_IP,hosp_ward_OP,hosp_ward_ER,hosp_ward_ICU,adi_score,adi_state_rank,median_heartrate,median_resprate,median_temp,median_sysbp,median_diasbp,median_wbc,median_neutrophils,median_lymphocytes,median_bun,median_cr,median_lactate,median_procalcitonin,missing_adi_score,missing_adi_state_rank,missing_median_temp,missing_median_heartrate,missing_median_resprate,missing_median_sysbp,missing_median_diasbp,missing_median_wbc,missing_median_cr,missing_median_bun,missing_median_lactate,missing_median_procalcitonin,missing_median_neutrophils,missing_median_lymphocytes,exp_prev_aminoglycoside,exp_prev_ansamycin,exp_prev_antitubercular,exp_prev_beta_lactam,exp_prev_combination_antibiotic,exp_prev_fluoroquinolone,exp_prev_folate_synthesis_inhibitor,exp_prev_fosfomycin,exp_prev_glycopeptide,exp_prev_macrolide_lincosamide,exp_prev_monobactam,exp_prev_nitrofuran,exp_prev_nitroimidazole,exp_prev_oxazolidinone,exp_prev_polymyxin_lipopeptide,exp_prev_sulfonamide,exp_prev_tetracycline,exp_prev_urinary_antiseptic,comorb_chronic_pulmonary_any,comorb_congestive_heart_failure,comorb_diabetes_any,comorb_organ_transplant_status,comorb_pancreatic_disorder,comorb_renal_failure,comorb_sinusitis,comorb_solid_tumor_non_metastatic,susceptibility_binaria
hosp_ward_IP,1.0,-0.8998119544402851,0.6127236071633223,0.2150478880583134,0.06524622484406753,0.08402355838921616,0.133018915602014,0.12437730610120232,0.13030886903855954,0.0178497789298259,-0.020105226115806618,0.07638042831879635,0.012249340866095906,-0.09869280077876937,0.04751798919040411,0.05122380910900575,0.007267927279286492,0.005118118746275033,,,-0.4434726913408157,-0.4434726913408157,-0.4434726913408157,-0.4434726913408157,-0.4434726913408157,-0.6117883718596043,-0.6117883718596043,-0.6117883718596043,-0.6117883718596043,-0.6117883718596043,-0.6117883718596043,-0.6117883718596043,-0.0217499703354384,0.02275337231571767,-0.020040093985215845,0.02041617815680978,-0.03715081514815473,-0.029399201865122036,-0.021978716359072663,-0.029171244035196532,0.09708457951445822,-0.08267688010731342,0.018830585687386145,-0.11115956704306885,0.06544354460614775,0.028542568421771726,-0.06095157217759649,0.0254787773603301,-0.029074029134081837,-0.05154312739605549,-0.004834175174450462,0.060256436470786774,0.08049169036124955,0.06626088983333935,,0.12947988869432117,-0.23391546251888562,0.07673878149653365,0.04861036521356707
hosp_ward_OP,-0.8998119544402851,1.0,-0.5513360264933378,-0.19347708763472127,-0.047416382244054714,-0.062067467674588817,-0.13160002102519114,-0.12370538475105393,-0.12930871345918152,-0.01759223216413048,0.02071809474992366,-0.07448897834234666,-0.006989516213530514,0.09660385257951132,-0.048362275044438706,-0.04948140720286126,-0.007267927279286544,-0.005118118746275116,,,0.28438551209543483,0.28438551209543483,0.28438551209543483,0.28438551209543483,0.28438551209543483,0.531437706007942,0.531437706007942,0.531437706007942,0.531437706007942,0.531437706007942,0.531437706007942,0.531437706007942,0.04037893901592798,-0.009058954508717324,0.02839164451904443,0.049057622179065126,0.08182943129301258,0.08497138444815418,0.029885663676553452,0.04465611515435893,-0.06820607724333592,0.11388248930246457,-0.007449978414476506,0.1547329634621146,-0.034006145054777344,-0.007950336960199587,0.06979852258714307,-0.01460471105393665,0.05024338366005633,0.06346063507689012,0.02652880336791488,-0.05999353207701997,-0.03198931759393956,-0.039366466614905886,,-0.0886258766412345,0.10365077997036228,-0.0463573829675387,-0.020819899172926724
hosp_ward_ER,0.6127236071633223,-0.5513360264933378,1.0,0.12963321070256065,-0.06695121534523968,-0.06047306581276637,0.10089381806490046,0.12760812714326966,0.16624219492975328,0.07293649676379309,0.014180381591213197,0.04908207563091974,-0.015234971177244703,0.01283919207154984,0.03186309756770022,0.028846839918060318,-0.12390719944050879,0.05790494860181408,,,-0.4053597405477589,-0.4053597405477589,-0.4053597405477589,-0.4053597405477589,-0.4053597405477589,-0.5539332768402443,-0.5539332768402443,-0.5539332768402443,-0.5539332768402443,-0.5539332768402443,-0.5539332768402443,-0.5539332768402443,-0.04816550322401338,0.00839737938530607,-0.045449692788782144,0.004938610455606509,-0.04938618165624745,-0.027873994651030434,-0.014658368971754317,-0.006154207925488779,0.06786179077466728,-0.07191245561943353,-0.025711939177379208,-0.03893685331498335,0.06406671653309101,-0.024206182932713535,-0.07402975412882508,0.023080795111811356,0.01632589938587352,-0.019916382157365815,-0.05676307664734617,0.04904441697499899,0.05021411086405573,-0.0643088077668141,,0.12331656887583092,-0.2467623345451585,0.02390222810346809,-0.0057978372578987815
hosp_ward_ICU,0.2150478880583134,-0.19347708763472127,0.12963321070256065,1.0,0.06989815260089484,0.07933598134322367,0.12298014194640924,0.18466302864630227,0.08689135086206624,-0.11200138530816657,-0.07994282346857791,0.09373979586303545,0.09933096357294177,-0.15691393109741109,0.14186904974795791,0.07200183860746685,0.23569483472763808,0.10102707964192872,,,-0.14250078587316742,-0.14250078587316742,-0.14250078587316742,-0.14250078587316742,-0.14250078587316742,-0.2449129777694555,-0.2449129777694555,-0.2449129777694555,-0.2449129777694555,-0.2449129777694555,-0.2449129777694555,-0.2449129777694555,0.02252308150828477,0.03023716156127787,-0.011867129178165682,0.01470302848811689,-0.03499001704114353,-0.047027029113318394,-0.0120319895673578,-0.02371213535287695,0.12668883099824205,-0.05709795874177161,-0.017461169457017322,-0.07713258890460391,0.032343999521985106,0.0023945865856379264,-0.022027683568075586,0.02275425814247947,-0.008991190278033839,-0.017326100706697357,0.013017188976445703,0.07899997854825658,0.02786860258092375,0.036813805595294034,,0.12390356053555372,-0.10001474504471777,0.012008744053011243,-0.02721192738650681
adi_score,0.06524622484406753,-0.047416382244054714,-0.06695121534523968,0.06989815260089484,1.0,0.9250541679497633,0.053326205900329764,-0.022779532945557818,-0.022211578564818726,-0.03642385242728774,0.02198573137683897,-0.015421761422150298,0.06206852576216876,-0.07315701893244556,-0.02050678540280436,0.0012876722530104935,0.0024494400653716237,-0.03596849317996347,,,-0.08961232350769364,-0.08961232350769364,-0.08961232350769364,-0.08961232350769364,-0.08961232350769364,-0.05907377096721464,-0.05907377096721464,-0.05907377096721464,-0.05907377096721464,-0.05907377096721464,-0.05907377096721464,-0.05907377096721464,0.02062095254121558,0.0016633973533311983,-0.011547176679150499,-0.021126912698311403,-0.007747203809720234,-0.04024088674374917,0.029110744676151344,-0.006188622843967827,0.03201739111491646,-0.05269157872116538,0.007013331342485301,-0.09501116355186082,0.009865261984967004,0.04849393833945565,0.05604139697065598,0.0032480060879447143,-0.052468784175692805,-0.03886990126110973,0.0427746826049736,-0.01961538457613863,0.04009567465287032,0.09323588880772701,,0.007284440002282531,-0.0012372300703750055,0.02883684592542111,0.022823018261728455
adi_state_rank,0.08402355838921616,-0.062067467674588817,-0.06047306581276637,0.07933598134322367,0.9250541679497633,1.0,0.06570601184236323,-0.02769481492574522,-0.023774759338455374,-0.04664122089088212,0.02356074850902101,-0.01819291182914777,0.06409896542733805,-0.06584435509804944,-0.0272052673695759,0.0056582229973810025,0.004886739746291946,-0.052409868404385385,,,-0.11407848247393339,-0.11407848247393339,-0.11407848247393339,-0.11407848247393339,-0.11407848247393339,-0.07675224906841217,-0.07675224906841217,-0.07675224906841217,-0.07675224906841217,-0.07675224906841217,-0.07675224906841217,-0.07675224906841217,0.02274532577953115,0.005037494509289056,-0.014667665888194754,-0.020114086441314384,-0.005108415049802664,-0.042354463014968945,0.02817395197792826,-0.010695134230472306,0.04080306636264405,-0.062287586899806055,0.014962421276924506,-0.10583993748778561,0.013448074866677064,0.05501837894462159,0.05340330550285092,0.009039859436106875,-0.05711604479182419,-0.04514838867162601,0.039077699212930826,-0.019917833166560376,0.0540763112865381,0.11044138497240598,,0.01920404250199814,-0.011390608341172042,0.03092584983390507,0.022384796981843636
median_heartrate,0.133018915602014,-0.13160002102519114,0.10089381806490046,0.12298014194640924,0.053326205900329764,0.06570601184236323,1.0,0.3384650504478509,0.3430844616340717,-0.09794515124544949,0.15974903164199727,0.13988919601080207,0.07228315716707963,-0.03698275484444228,-0.027274443312969566,0.003648897767570202,0.15946145606678416,0.13760093703227214,,,,,,,,-0.1265773237768294,-0.1265773237768294,-0.1265773237768294,-0.1265773237768294,-0.1265773237768294,-0.1265773237768294,-0.1265773237768294,-0.008871268557825825,0.025604209011691786,-0.006836781558134666,-0.0015441417068797379,0.007197127267304932,0.0002358260275010908,-0.007881502214507105,-0.04719386697097251,0.044772033410516505,0.018638667334405872,0.043549198047356436,-0.09561153844862644,0.042195869263914935,0.060881178257300717,0.06868311373180766,0.02869837578100833,0.0007680095794507665,-0.04902398036718743,0.06107402671603834,0.04983218099572299,0.04995109914557105,0.055991219799137605,,-0.0405595255949757,0.026698836059621076,0.02766596037692076,0.023217706532715536
median_resprate,0.12437730610120232,-0.12370538475105393,0.12760812714326966,0.18466302864630227,-0.022779532945557818,-0.02769481492574522,0.3384650504478509,1.0,0.26049890897289185,-0.023244899798946582,0.02162755134708367,0.12139856292580985,0.07210949190625333,-0.08296323575212203,0.13368964386284254,0.06886178420920808,0.185988752652458,0.056589838300854754,,,,,,,,-0.15379181012385537,-0.15379181012385537,-0.15379181012385537,-0.15379181012385537,-0.15379181012385537,-0.15379181012385537,-0.15379181012385537,-0.021778571047868397,-0.007581263773602922,-0.025483872538230812,-0.013552134377365403,-0.03621503272073573,-0.006198425318320801,-0.005780371109395273,-0.03434962436495635,0.02831753730008279,-0.0011874132009473384,0.0019224089699008118,-0.06179421730644434,0.009144445345315845,0.003465121524938605,-0.022002225037069327,0.0027478540662728176,-0.009254863849103602,-0.03466609268784941,0.039237797858789766,0.045646232004027606,0.03342772343828531,0.0026888116463413634,,0.047140069694364344,-0.03570516378237082,-0.02156084136038912,0.005806505110455101
median_temp,0.13030886903855954,-0.12930871345918152,0.16624219492975328,0.08689135086206624,-0.022211578564818726,-0.023774759338455374,0.3430844616340717,0.26049890897289185,1.0,-0.009531702029454097,-0.008154321790678322,0.08966502831198266,0.07370557326654475,0.004370825015734044,-0.03174906479089841,0.04531886920278563,-0.013377560062052473,0.12351306044693601,,,,,,,,-0.14667882632996687,-0.14667882632996687,-0.14667882632996687,-0.14667882632996687,-0.14667882632996687,-0.14667882632996687,-0.14667882632996687,-0.042666531433755324,0.009561930076292502,-0.016211956389335605,-0.04184456238556365,-0.05222262544580466,-0.03520966260328255,-0.0053707443818127535,-0.028774743436076458,-0.003782587632762485,-0.05591152180538614,-0.006916472361721838,-0.0662916386502559,0.0035078783640687407,-0.006869274646369766,-0.012821749244940362,0.010891172406498036,-0.02632214875302676,-0.02816598855761397,-0.050975981436628674,0.0004739547012594096,-0.008419552932746566,-0.021631335564644815,,-0.0026364247189807725,-0.04900886028146289,-0.009010273340244013,0.0017258508396304155
median_sysbp,0.0178497789298259,-0.01759223216413048,0.07293649676379309,-0.11200138530816657,-0.03642385242728774,-0.04664122089088212,-0.09794515124544949,-0.023244899798946582,-0.009531702029454097,1.0,0.4760783092750874,-0.0581733502530518,-0.019423560303697157,0.06271938755071815,-0.07509709871252858,-0.02085314751938393,-0.15282570194073045,-0.15633054779279076,,,,,,,,-0.01489159622453881,-0.01489159622453881,-0.01489159622453881,-0.01489159622453881,-0.01489159622453881,-0.01489159622453881,-0.01489159622453881,-0.025645399234819687,-0.058875195045302454,-0.005742882607733415,0.005029647738103809,0.0030497851824545234,0.01095486250842351,0.005151095065150809,0.046410077000617854,-0.04337102028355327,-0.021946717901941498,-0.021249695503639282,0.06329542419989136,-0.015121586797022635,-0.04946687529716617,-0.042084662877968616,-0.011375867216157494,-0.01758570772523823,0.040338523947507234,-0.04906629336288043,0.015269793868821784,0.044549004777517345,-0.023901135657749473,,0.058016352634222154,-0.032146655192704064,-0.002949654253427751,-0.010232563126179199
median_diasbp,-0.020105226115806618,0.02071809474992366,0.014180381591213197,-0.07994282346857791,0.02198573137683897,0.02356074850902101,0.15974903164199727,0.02162755134708367,-0.008154321790678322,0.4760783092750874,1.0,-0.04556104201323919,0.005162900699307042,0.050188693171245635,-0.17824326628370837,-0.09763066210917586,-0.08373311680666515,-0.13034777995235394,,,,,,,,0.08251780774520666,0.08251780774520666,0.08251780774520666,0.08251780774520666,0.08251780774520666,0.08251780774520666,0.08251780774520666,-0.005828382668185145,-0.02872641796327904,0.0034756336874564014,-0.026984727011607056,0.03914201124179422,-0.008019624657477445,-0.00283072729066248,0.000349434604353378,-0.022890588892285433,0.018046321277228855,0.00021977932037746118,-0.008349065588047922,-0.0032625096645046963,0.020006576767630065,0.02252543135701434,0.004080847365804975,-0.01320677329805156,0.005031526348649526,-0.010110783930634273,-0.06127985241916249,-0.04181405975976673,0.03785641598562078,,-0.08778573687532322,0.06725310439028653,-0.05753793335130682,-0.008606899227727446
median_wbc,0.07638042831879635,-0.07448897834234666,0.04908207563091974,0.09373979586303545,-0.015421761422150298,-0.01819291182914777,0.13988919601080207,0.12139856292580985,0.08966502831198266,-0.0581733502530518,-0.04556104201323919,1.0,0.05563011798604442,-0.048724104464770254,0.07418353529657995,0.048785650024815067,0.09653715828025253,0.1317465216467474,,,-0.06500843542775042,-0.06500843542775042,-0.06500843542775042,-0.06500843542775042,-0.06500843542775042,,,,,,,,-0.007748835862523294,-0.0475106151802871,-0.013198418571410013,-0.022141817003300982,-0.06357254645470325,-0.04868205486177878,-0.012606156443392667,-0.025966016259166672,-0.00731832010181573,-0.026614314658765816,-0.002170927831222326,-0.055889495292117876,-0.010426230863232222,-0.017774181867185292,-7.287201906209152e-05,-0.014167399280255885,-0.006948212201561705,-0.017266612474035527,0.013003848000679288,-0.012954321011608556,-0.013482536066865164,-0.07576189067087304,,-0.00753936886912918,0.0047032333514305516,0.0012159779986707013,-0.01845779606843749
median_neutrophils,0.012249340866095906,-0.006989516213530514,-0.015234971177244703,0.09933096357294177,0.06206852576216876,0.06409896542733805,0.07228315716707963,0.07210949190625333,0.07370557326654475,-0.019423560303697157,0.005162900699307042,0.05563011798604442,1.0,-0.25888257131215253,0.08384412246008638,0.06847593247870729,0.02458129818329653,0.036391988132080756,,,-0.03657951879632419,-0.03657951879632419,-0.03657951879632419,-0.03657951879632419,-0.03657951879632419,,,,,,,,0.05093804946332655,0.021271530518587777,-0.020968128070412165,-0.006894761037298135,-0.045738664976061744,-0.060172495766966455,0.00502988752481397,-0.023104491130346433,0.0053672872981867506,-0.010843575573792215,0.010916289706142635,-0.0566190611616815,-0.008324853494958942,0.009834772682909988,0.05626776374715248,0.001036213517362088,0.0032205704799958316,-0.019549098463918838,0.04860656059293445,-0.013759192610010677,-0.002430500321320222,-0.008381506615214578,,0.024174698876064007,0.03626857246161533,-0.025415184033428906,-0.041776038153843134
median_lymphocytes,-0.09869280077876937,0.09660385257951132,0.01283919207154984,-0.15691393109741109,-0.07315701893244556,-0.06584435509804944,-0.03698275484444228,-0.08296323575212203,0.004370825015734044,0.06271938755071815,0.050188693171245635,-0.048724104464770254,-0.25888257131215253,1.0,-0.16200153224251373,-0.10925945489584099,0.01515184476834883,-0.05327291294681461,,,0.0781669683678418,0.0781669683678418,0.0781669683678418,0.0781669683678418,0.0781669683678418,,,,,,,,-0.07094609984309108,0.028888024497739435,0.006444923690412382,-0.08476171960409506,-0.03842445348223535,-0.01193954092457326,-0.017277471654821557,-0.012972385498435955,-0.09476056567306249,-0.04271745605143732,0.0036317018813249572,0.028290193559991766,-0.055543493447923746,-0.03383604178227926,-0.05084538069918213,-0.020917939354659763,-0.004262886212998113,-0.003770784808901365,-0.09273715328842447,-0.03867565028894572,-0.08134329450228349,-0.09068017982791482,,-0.09593585948563761,-0.020650990874334346,-0.030469761540801065,0.002385717258085276
median_bun,0.04751798919040411,-0.048362275044438706,0.03186309756770022,0.14186904974795791,-0.02050678540280436,-0.0272052673695759,-0.027274443312969566,0.13368964386284254,-0.03174906479089841,-0.07509709871252858,-0.17824326628370837,0.07418353529657995,0.08384412246008638,-0.16200153224251373,1.0,0.6626130101241098,0.13684667358311653,0.19016986307620964,,,-0.014773522123551097,-0.014773522123551097,-0.014773522123551097,-0.014773522123551097,-0.014773522123551097,,,,,,,,0.07910072841967553,0.04198050926337393,0.015799847328139792,0.05656328224238417,0.03720760016641901,0.07265988774860134,-0.0028232289842516183,0.02093985805126936,0.10096168962048399,0.032804436544949044,0.0019816255467918335,-0.026956029604433374,0.0384051442698921,0.03037597260997463,-0.0044243957433537495,0.03190241272775409,0.035361427027385595,-0.014161903241822857,0.052098639676233696,0.1186418233225168,0.1301062131051286,0.10117316588856952,,0.4118652805338808,-0.04178513030364337,0.01775339161616555,0.008644681870172137
median_cr,0.05122380910900575,-0.04948140720286126,0.028846839918060318,0.07200183860746685,0.0012876722530104935,0.0056582229973810025,0.003648897767570202,0.06886178420920808,0.04531886920278563,-0.02085314751938393,-0.09763066210917586,0.048785650024815067,0.06847593247870729,-0.10925945489584099,0.6626130101241098,1.0,0.08262476256202074,0.315613154535023,,,-0.018625473119277553,-0.018625473119277553,-0.018625473119277553,-0.018625473119277553,-0.018625473119277553,,,,,,,,0.0889740899918389,0.037105746604329526,0.012377560202062583,0.04181243308664902,0.028899087989281,0.05526154822669463,-0.01220389230008297,0.011830437088838623,0.05379312338152791,0.027363028017426336,0.009058470736057636,-0.041955911429763765,0.025251321056818408,0.017281588713525517,-0.008104198767322438,0.02397109253164409,0.015483824106167804,-0.017783335001959083,0.012588805958068551,0.07800842446993093,0.0939335114491257,0.12417436738830727,,0.4046257497604154,-0.025909662531451518,0.010215526559500952,0.010028254582143287
median_lactate,0.007267927279286492,-0.007267927279286544,-0.12390719944050879,0.23569483472763808,0.0024494400653716237,0.004886739746291946,0.15946145606678416,0.185988752652458,-0.013377560062052473,-0.15282570194073045,-0.08373311680666515,0.09653715828025253,0.02458129818329653,0.01515184476834883,0.13684667358311653,0.08262476256202074,1.0,0.18839982948401462,,,0.01729962067140063,0.01729962067140063,0.01729962067140063,0.01729962067140063,0.01729962067140063,,,,,,,,-0.009042731858833012,0.0026633996686091983,0.001446949981836232,-0.0707119715771081,-0.08217880904197283,-0.07379475249129877,-0.022691920615239905,-0.027459019177201813,0.009156743283206854,-0.08153789082489554,-0.018861378886076148,-0.09581375998095133,-0.05078745370179301,-0.026451756703133544,-0.02311094447397723,0.012983557968299801,-0.02466084327780069,-0.019637485412403066,-0.02967968942621693,0.04815656658718374,-0.007144347399036105,-0.006547773679041121,,0.004806569377221743,-0.04168221297937789,0.01443546611527484,-0.02503141048113344
median_procalcitonin,0.005118118746275033,-0.005118118746275116,0.05790494860181408,0.10102707964192872,-0.03596849317996347,-0.052409868404385385,0.13760093703227214,0.056589838300854754,0.12351306044693601,-0.15633054779279076,-0.13034777995235394,0.1317465216467474,0.036391988132080756,-0.05327291294681461,0.19016986307620964,0.315613154535023,0.18839982948401462,1.0,,,-0.005888783550494643,-0.005888783550494643,-0.005888783550494643,-0.005888783550494643,-0.005888783550494643,,,,,,,,0.0361893888846005,0.004610865381392217,-0.018608463881088676,0.0017022281414304978,0.011525759798912053,-0.019485488395374114,0.0746250843516275,-0.008629343918850906,0.025711673326816932,-0.019879862799885496,-0.009734468249537708,-0.04612438643135173,-0.048256313311694124,-0.011038723078814238,0.05743729109311806,0.06263772370436116,0.03341098378798637,-0.013466424309810161,-0.03736843679973941,0.002460797315082954,-0.0030858226926513627,0.024041848894485924,,0.08350662819895395,0.007449761027950896,0.007500079091333034,-0.04382634540749796
missing_adi_score,,,,,,,,,,,,,,,,,,,,,,,,,,,,,,,,,,,,,,,,,,,,,,,,,,,,,,,,,,,
missing_adi_state_rank,,,,,,,,,,,,,,,,,,,,,,,,,,,,,,,,,,,,,,,,,,,,,,,,,,,,,,,,,,,
missing_median_temp,-0.4434726913408157,0.28438551209543483,-0.4053597405477589,-0.14250078587316742,-0.08961232350769364,-0.11407848247393339,,,,,,-0.06500843542775042,-0.03657951879632419,0.0781669683678418,-0.014773522123551097,-0.018625473119277553,0.01729962067140063,-0.005888783550494643,,,1.0,1.0,1.0,1.0,1.0,0.35869714405908554,0.35869714405908554,0.35869714405908554,0.35869714405908554,0.35869714405908554,0.35869714405908554,0.35869714405908554,-0.022170417398355725,-0.040945255422669934,-0.0036180224539918123,-0.05319336486114263,-0.012144863928108391,-0.03937055517381205,0.025657635958864326,0.03812047866229092,-0.08757181712997676,-0.023356018260622537,-0.031600731843263216,0.07715429096990414,-0.07431594883003118,-0.06163579208784599,-0.053075370085233754,-0.018445191979776402,0.0008713760585225095,0.04082228202930388,-0.06983641751361008,-0.10529658978779409,-0.10949697274185682,-0.04815935038631095,,-0.06904827290029951,0.15751551848725764,-0.05972821758306571,-0.029350348347661676
missing_median_heartrate,-0.4434726913408157,0.28438551209543483,-0.4053597405477589,-0.14250078587316742,-0.08961232350769364,-0.11407848247393339,,,,,,-0.06500843542775042,-0.03657951879632419,0.0781669683678418,-0.014773522123551097,-0.018625473119277553,0.01729962067140063,-0.005888783550494643,,,1.0,1.0,1.0,1.0,1.0,0.35869714405908554,0.35869714405908554,0.35869714405908554,0.35869714405908554,0.35869714405908554,0.35869714405908554,0.35869714405908554,-0.022170417398355725,-0.040945255422669934,-0.0036180224539918123,-0.05319336486114263,-0.012144863928108391,-0.03937055517381205,0.025657635958864326,0.03812047866229092,-0.08757181712997676,-0.023356018260622537,-0.031600731843263216,0.07715429096990414,-0.07431594883003118,-0.06163579208784599,-0.053075370085233754,-0.018445191979776402,0.0008713760585225095,0.04082228202930388,-0.06983641751361008,-0.10529658978779409,-0.10949697274185682,-0.04815935038631095,,-0.06904827290029951,0.15751551848725764,-0.05972821758306571,-0.029350348347661676
missing_median_resprate,-0.4434726913408157,0.28438551209543483,-0.4053597405477589,-0.14250078587316742,-0.08961232350769364,-0.11407848247393339,,,,,,-0.06500843542775042,-0.03657951879632419,0.0781669683678418,-0.014773522123551097,-0.018625473119277553,0.01729962067140063,-0.005888783550494643,,,1.0,1.0,1.0,1.0,1.0,0.35869714405908554,0.35869714405908554,0.35869714405908554,0.35869714405908554,0.35869714405908554,0.35869714405908554,0.35869714405908554,-0.022170417398355725,-0.040945255422669934,-0.0036180224539918123,-0.05319336486114263,-0.012144863928108391,-0.03937055517381205,0.025657635958864326,0.03812047866229092,-0.08757181712997676,-0.023356018260622537,-0.031600731843263216,0.07715429096990414,-0.07431594883003118,-0.06163579208784599,-0.053075370085233754,-0.018445191979776402,0.0008713760585225095,0.04082228202930388,-0.06983641751361008,-0.10529658978779409,-0.10949697274185682,-0.04815935038631095,,-0.06904827290029951,0.15751551848725764,-0.05972821758306571,-0.029350348347661676
missing_median_sysbp,-0.4434726913408157,0.28438551209543483,-0.4053597405477589,-0.14250078587316742,-0.08961232350769364,-0.11407848247393339,,,,,,-0.06500843542775042,-0.03657951879632419,0.0781669683678418,-0.014773522123551097,-0.018625473119277553,0.01729962067140063,-0.005888783550494643,,,1.0,1.0,1.0,1.0,1.0,0.35869714405908554,0.35869714405908554,0.35869714405908554,0.35869714405908554,0.35869714405908554,0.35869714405908554,0.35869714405908554,-0.022170417398355725,-0.040945255422669934,-0.0036180224539918123,-0.05319336486114263,-0.012144863928108391,-0.03937055517381205,0.025657635958864326,0.03812047866229092,-0.08757181712997676,-0.023356018260622537,-0.031600731843263216,0.07715429096990414,-0.07431594883003118,-0.06163579208784599,-0.053075370085233754,-0.018445191979776402,0.0008713760585225095,0.04082228202930388,-0.06983641751361008,-0.10529658978779409,-0.10949697274185682,-0.04815935038631095,,-0.06904827290029951,0.15751551848725764,-0.05972821758306571,-0.029350348347661676
missing_median_diasbp,-0.4434726913408157,0.28438551209543483,-0.4053597405477589,-0.14250078587316742,-0.08961232350769364,-0.11407848247393339,,,,,,-0.06500843542775042,-0.03657951879632419,0.0781669683678418,-0.014773522123551097,-0.018625473119277553,0.01729962067140063,-0.005888783550494643,,,1.0,1.0,1.0,1.0,1.0,0.35869714405908554,0.35869714405908554,0.35869714405908554,0.35869714405908554,0.35869714405908554,0.35869714405908554,0.35869714405908554,-0.022170417398355725,-0.040945255422669934,-0.0036180224539918123,-0.05319336486114263,-0.012144863928108391,-0.03937055517381205,0.025657635958864326,0.03812047866229092,-0.08757181712997676,-0.023356018260622537,-0.031600731843263216,0.07715429096990414,-0.07431594883003118,-0.06163579208784599,-0.053075370085233754,-0.018445191979776402,0.0008713760585225095,0.04082228202930388,-0.06983641751361008,-0.10529658978779409,-0.10949697274185682,-0.04815935038631095,,-0.06904827290029951,0.15751551848725764,-0.05972821758306571,-0.029350348347661676
missing_median_wbc,-0.6117883718596043,0.531437706007942,-0.5539332768402443,-0.2449129777694555,-0.05907377096721464,-0.07675224906841217,-0.1265773237768294,-0.15379181012385537,-0.14667882632996687,-0.01489159622453881,0.08251780774520666,,,,,,,,,,0.35869714405908554,0.35869714405908554,0.35869714405908554,0.35869714405908554,0.35869714405908554,1.0,1.0,1.0,1.0,1.0,1.0,1.0,0.027558807985646992,-0.0323004519458185,0.030591357239980497,-0.03408634617485052,0.05300648099335089,0.030785605671513065,0.01561542043052031,0.014262296741109258,-0.12452703415033822,0.0940276257095393,0.01298413708039272,0.07830617177769637,-0.08081048354257071,0.010581961263857268,0.0829370875986035,-0.035866277591991194,0.003154185639940589,0.03920797433841451,0.03929395491093632,-0.1228834588005686,-0.08646437587853477,-0.06052040590273991,,-0.1946361183725937,0.31641368049806323,-0.09545632649965508,-0.022909556995068105
missing_median_cr,-0.6117883718596043,0.531437706007942,-0.5539332768402443,-0.2449129777694555,-0.05907377096721464,-0.07675224906841217,-0.1265773237768294,-0.15379181012385537,-0.14667882632996687,-0.01489159622453881,0.08251780774520666,,,,,,,,,,0.35869714405908554,0.35869714405908554,0.35869714405908554,0.35869714405908554,0.35869714405908554,1.0,1.0,1.0,1.0,1.0,1.0,1.0,0.027558807985646992,-0.0323004519458185,0.030591357239980497,-0.03408634617485052,0.05300648099335089,0.030785605671513065,0.01561542043052031,0.014262296741109258,-0.12452703415033822,0.0940276257095393,0.01298413708039272,0.07830617177769637,-0.08081048354257071,0.010581961263857268,0.0829370875986035,-0.035866277591991194,0.003154185639940589,0.03920797433841451,0.03929395491093632,-0.1228834588005686,-0.08646437587853477,-0.06052040590273991,,-0.1946361183725937,0.31641368049806323,-0.09545632649965508,-0.022909556995068105
missing_median_bun,-0.6117883718596043,0.531437706007942,-0.5539332768402443,-0.2449129777694555,-0.05907377096721464,-0.07675224906841217,-0.1265773237768294,-0.15379181012385537,-0.14667882632996687,-0.01489159622453881,0.08251780774520666,,,,,,,,,,0.35869714405908554,0.35869714405908554,0.35869714405908554,0.35869714405908554,0.35869714405908554,1.0,1.0,1.0,1.0,1.0,1.0,1.0,0.027558807985646992,-0.0323004519458185,0.030591357239980497,-0.03408634617485052,0.05300648099335089,0.030785605671513065,0.01561542043052031,0.014262296741109258,-0.12452703415033822,0.0940276257095393,0.01298413708039272,0.07830617177769637,-0.08081048354257071,0.010581961263857268,0.0829370875986035,-0.035866277591991194,0.003154185639940589,0.03920797433841451,0.03929395491093632,-0.1228834588005686,-0.08646437587853477,-0.06052040590273991,,-0.1946361183725937,0.31641368049806323,-0.09545632649965508,-0.022909556995068105
missing_median_lactate,-0.6117883718596043,0.531437706007942,-0.5539332768402443,-0.2449129777694555,-0.05907377096721464,-0.07675224906841217,-0.1265773237768294,-0.15379181012385537,-0.14667882632996687,-0.01489159622453881,0.08251780774520666,,,,,,,,,,0.35869714405908554,0.35869714405908554,0.35869714405908554,0.35869714405908554,0.35869714405908554,1.0,1.0,1.0,1.0,1.0,1.0,1.0,0.027558807985646992,-0.0323004519458185,0.030591357239980497,-0.03408634617485052,0.05300648099335089,0.030785605671513065,0.01561542043052031,0.014262296741109258,-0.12452703415033822,0.0940276257095393,0.01298413708039272,0.07830617177769637,-0.08081048354257071,0.010581961263857268,0.0829370875986035,-0.035866277591991194,0.003154185639940589,0.03920797433841451,0.03929395491093632,-0.1228834588005686,-0.08646437587853477,-0.06052040590273991,,-0.1946361183725937,0.31641368049806323,-0.09545632649965508,-0.022909556995068105
missing_median_procalcitonin,-0.6117883718596043,0.531437706007942,-0.5539332768402443,-0.2449129777694555,-0.05907377096721464,-0.07675224906841217,-0.1265773237768294,-0.15379181012385537,-0.14667882632996687,-0.01489159622453881,0.08251780774520666,,,,,,,,,,0.35869714405908554,0.35869714405908554,0.35869714405908554,0.35869714405908554,0.35869714405908554,1.0,1.0,1.0,1.0,1.0,1.0,1.0,0.027558807985646992,-0.0323004519458185,0.030591357239980497,-0.03408634617485052,0.05300648099335089,0.030785605671513065,0.01561542043052031,0.014262296741109258,-0.12452703415033822,0.0940276257095393,0.01298413708039272,0.07830617177769637,-0.08081048354257071,0.010581961263857268,0.0829370875986035,-0.035866277591991194,0.003154185639940589,0.03920797433841451,0.03929395491093632,-0.1228834588005686,-0.08646437587853477,-0.06052040590273991,,-0.1946361183725937,0.31641368049806323,-0.09545632649965508,-0.022909556995068105
missing_median_neutrophils,-0.6117883718596043,0.531437706007942,-0.5539332768402443,-0.2449129777694555,-0.05907377096721464,-0.07675224906841217,-0.1265773237768294,-0.15379181012385537,-0.14667882632996687,-0.01489159622453881,0.08251780774520666,,,,,,,,,,0.35869714405908554,0.35869714405908554,0.35869714405908554,0.35869714405908554,0.35869714405908554,1.0,1.0,1.0,1.0,1.0,1.0,1.0,0.027558807985646992,-0.0323004519458185,0.030591357239980497,-0.03408634617485052,0.05300648099335089,0.030785605671513065,0.01561542043052031,0.014262296741109258,-0.12452703415033822,0.0940276257095393,0.01298413708039272,0.07830617177769637,-0.08081048354257071,0.010581961263857268,0.0829370875986035,-0.035866277591991194,0.003154185639940589,0.03920797433841451,0.03929395491093632,-0.1228834588005686,-0.08646437587853477,-0.06052040590273991,,-0.1946361183725937,0.31641368049806323,-0.09545632649965508,-0.022909556995068105
missing_median_lymphocytes,-0.6117883718596043,0.531437706007942,-0.5539332768402443,-0.2449129777694555,-0.05907377096721464,-0.07675224906841217,-0.1265773237768294,-0.15379181012385537,-0.14667882632996687,-0.01489159622453881,0.08251780774520666,,,,,,,,,,0.35869714405908554,0.35869714405908554,0.35869714405908554,0.35869714405908554,0.35869714405908554,1.0,1.0,1.0,1.0,1.0,1.0,1.0,0.027558807985646992,-0.0323004519458185,0.030591357239980497,-0.03408634617485052,0.05300648099335089,0.030785605671513065,0.01561542043052031,0.014262296741109258,-0.12452703415033822,0.0940276257095393,0.01298413708039272,0.07830617177769637,-0.08081048354257071,0.010581961263857268,0.0829370875986035,-0.035866277591991194,0.003154185639940589,0.03920797433841451,0.03929395491093632,-0.1228834588005686,-0.08646437587853477,-0.06052040590273991,,-0.1946361183725937,0.31641368049806323,-0.09545632649965508,-0.022909556995068105
exp_prev_aminoglycoside,-0.0217499703354384,0.04037893901592798,-0.04816550322401338,0.02252308150828477,0.02062095254121558,0.02274532577953115,-0.008871268557825825,-0.021778571047868397,-0.042666531433755324,-0.025645399234819687,-0.005828382668185145,-0.007748835862523294,0.05093804946332655,-0.07094609984309108,0.07910072841967553,0.0889740899918389,-0.009042731858833012,0.0361893888846005,,,-0.022170417398355725,-0.022170417398355725,-0.022170417398355725,-0.022170417398355725,-0.022170417398355725,0.027558807985646992,0.027558807985646992,0.027558807985646992,0.027558807985646992,0.027558807985646992,0.027558807985646992,0.027558807985646992,1.0,0.10648470079236032,0.058677963397560026,0.19609862716388332,0.1843618430270865,0.2332922173248284,0.053367009385145034,0.12651961441455015,0.1914823966165913,0.17480128516449245,0.09595565717518077,0.09823053512384969,0.14587864247593305,0.1605331189857782,0.13330354370466732,0.09476611768327055,0.10667583395263792,0.10436944948221966,0.13211288648983888,0.09526598430604193,0.12327795299146439,0.13860267034202176,,0.14122019949835443,0.09401458203113847,0.04864344361328914,0.025175230925341668
exp_prev_ansamycin,0.02275337231571767,-0.009058954508717324,0.00839737938530607,0.03023716156127787,0.0016633973533311983,0.005037494509289056,0.025604209011691786,-0.007581263773602922,0.009561930076292502,-0.058875195045302454,-0.02872641796327904,-0.0475106151802871,0.021271530518587777,0.028888024497739435,0.04198050926337393,0.037105746604329526,0.0026633996686091983,0.004610865381392217,,,-0.040945255422669934,-0.040945255422669934,-0.040945255422669934,-0.040945255422669934,-0.040945255422669934,-0.0323004519458185,-0.0323004519458185,-0.0323004519458185,-0.0323004519458185,-0.0323004519458185,-0.0323004519458185,-0.0323004519458185,0.10648470079236032,1.0,0.25885616832751907,0.10563167926693538,0.14303547807345612,0.1549241357861024,0.004912054636726971,0.01065632191055645,0.16760353855695556,0.11755766734671419,0.04471059780082476,0.034693112774635354,0.14494272584422838,0.11695815722052062,0.08062171405244094,0.05928658784267594,0.10169971316371418,0.026287605584153315,0.1145255466270376,0.08126520923649738,0.08794124969914276,0.15510692224402453,,0.10714588906780668,0.04141029635364873,0.03713116036796699,0.02768553871801716
exp_prev_antitubercular,-0.020040093985215845,0.02839164451904443,-0.045449692788782144,-0.011867129178165682,-0.011547176679150499,-0.014667665888194754,-0.006836781558134666,-0.025483872538230812,-0.016211956389335605,-0.005742882607733415,0.0034756336874564014,-0.013198418571410013,-0.020968128070412165,0.006444923690412382,0.015799847328139792,0.012377560202062583,0.001446949981836232,-0.018608463881088676,,,-0.0036180224539918123,-0.0036180224539918123,-0.0036180224539918123,-0.0036180224539918123,-0.0036180224539918123,0.030591357239980497,0.030591357239980497,0.030591357239980497,0.030591357239980497,0.030591357239980497,0.030591357239980497,0.030591357239980497,0.058677963397560026,0.25885616832751907,1.0,0.034808472973397904,0.08250461910744833,0.08252815757733079,-0.009638809481800906,-0.003376702467472967,0.025241153437329734,0.09599359153260852,-0.001302492140879484,-0.0038781888207164673,0.00980544440854486,0.0318981501740835,0.023787010301637764,0.0019589162926340227,0.03154077726302869,0.005221180881516689,0.13223885999944884,0.03979831446612404,0.03371946187641085,0.0599658770964658,,0.019463686122837186,0.04423151340244158,-0.0037975723052104714,0.006512186533425288
exp_prev_beta_lactam,0.02041617815680978,0.049057622179065126,0.004938610455606509,0.01470302848811689,-0.021126912698311403,-0.020114086441314384,-0.0015441417068797379,-0.013552134377365403,-0.04184456238556365,0.005029647738103809,-0.026984727011607056,-0.022141817003300982,-0.006894761037298135,-0.08476171960409506,0.05656328224238417,0.04181243308664902,-0.0707119715771081,0.0017022281414304978,,,-0.05319336486114263,-0.05319336486114263,-0.05319336486114263,-0.05319336486114263,-0.05319336486114263,-0.03408634617485052,-0.03408634617485052,-0.03408634617485052,-0.03408634617485052,-0.03408634617485052,-0.03408634617485052,-0.03408634617485052,0.19609862716388332,0.10563167926693538,0.034808472973397904,1.0,0.3269380923086535,0.42611797748879693,0.06009718452215346,0.10724216334769496,0.27037442311196724,0.30712867748865424,0.07008143684854182,0.26228691531243903,0.2732968185438788,0.13318087589038435,0.05822604654312449,0.09987898433186672,0.20018976707512423,0.09953515566973985,0.17165263858331511,0.30933493874782053,0.19149404951394766,0.15461747244840124,,0.2417129364137786,0.08557067661047006,0.1614150951330399,0.018428039165376067
exp_prev_combination_antibiotic,-0.03715081514815473,0.08182943129301258,-0.04938618165624745,-0.03499001704114353,-0.007747203809720234,-0.005108415049802664,0.007197127267304932,-0.03621503272073573,-0.05222262544580466,0.0030497851824545234,0.03914201124179422,-0.06357254645470325,-0.045738664976061744,-0.03842445348223535,0.03720760016641901,0.028899087989281,-0.08217880904197283,0.011525759798912053,,,-0.012144863928108391,-0.012144863928108391,-0.012144863928108391,-0.012144863928108391,-0.012144863928108391,0.05300648099335089,0.05300648099335089,0.05300648099335089,0.05300648099335089,0.05300648099335089,0.05300648099335089,0.05300648099335089,0.1843618430270865,0.14303547807345612,0.08250461910744833,0.3269380923086535,1.0,0.3791389632567168,0.050655818631789654,0.1533864869000043,0.23774835491664348,0.28167063718027235,0.06519594392056537,0.2702306495400059,0.21545631355024952,0.20271987207296907,0.10002164525112094,0.11926598691867667,0.20110549676806128,0.14504009447269153,0.1571908866109953,0.17881398380983354,0.1717987785256981,0.28415057040949443,,0.18279300665540224,0.10969804291618165,0.05893521015298722,0.05083368706107735
exp_prev_fluoroquinolone,-0.029399201865122036,0.08497138444815418,-0.027873994651030434,-0.047027029113318394,-0.04024088674374917,-0.042354463014968945,0.0002358260275010908,-0.006198425318320801,-0.03520966260328255,0.01095486250842351,-0.008019624657477445,-0.04868205486177878,-0.060172495766966455,-0.01193954092457326,0.07265988774860134,0.05526154822669463,-0.07379475249129877,-0.019485488395374114,,,-0.03937055517381205,-0.03937055517381205,-0.03937055517381205,-0.03937055517381205,-0.03937055517381205,0.030785605671513065,0.030785605671513065,0.030785605671513065,0.030785605671513065,0.030785605671513065,0.030785605671513065,0.030785605671513065,0.2332922173248284,0.1549241357861024,0.08252815757733079,0.42611797748879693,0.3791389632567168,1.0,0.0765838250213293,0.13794575262980013,0.2376542190620625,0.3710690002499327,0.10376321339491826,0.2767119749251913,0.28765222283274533,0.19227619385666483,0.13185457732150563,0.11467830950733918,0.21976001719252275,0.12203508023437616,0.2416203064107014,0.2622553471422766,0.2217396535847512,0.19974597445310485,,0.22503224775057531,0.13371820177172977,0.11972077418375937,0.054771055697686456
